0	-19.95	6.24386e-008	6.2431e-008
0.000125	-19.9	4.75252e-007	4.75262e-007
0.00025	-19.85	9.08353e-008	9.0841e-008
0.000375	-19.8	3.90488e-007	3.9049e-007
0.0005	-19.75	1.13865e-007	1.13883e-007
0.000625	-19.7	3.67302e-007	3.67306e-007
0.00075	-19.65	1.38671e-007	1.38671e-007
0.000875	-19.6	3.61987e-007	3.61999e-007
0.001	-19.55	1.64847e-007	1.64845e-007
0.001125	-19.5	3.65557e-007	3.6556e-007
0.00125	-19.45	1.92418e-007	1.92405e-007
0.001375	-19.4	3.7561e-007	3.75635e-007
0.0015	-19.35	2.21712e-007	2.2168e-007
0.001625	-19.3	3.91285e-007	3.91321e-007
0.00175	-19.25	2.53145e-007	2.53109e-007
0.001875	-19.2	4.12126e-007	4.12168e-007
0.002	-19.15	2.87165e-007	2.87138e-007
0.002125	-19.1	4.37913e-007	4.37954e-007
0.00225	-19.05	3.2422e-007	3.24183e-007
0.002375	-19	4.68587e-007	4.68637e-007
0.0025	-18.95	3.64731e-007	3.64683e-007
0.002625	-18.9	5.04235e-007	5.04283e-007
0.00275	-18.85	4.09152e-007	4.09086e-007
0.002875	-18.8	5.45005e-007	5.45075e-007
0.003	-18.75	4.57941e-007	4.57871e-007
0.003125	-18.7	5.91213e-007	5.91273e-007
0.00325	-18.65	5.11606e-007	5.11543e-007
0.003375	-18.6	6.43208e-007	6.43255e-007
0.0035	-18.55	5.70703e-007	5.70653e-007
0.003625	-18.5	7.01403e-007	7.01459e-007
0.00375	-18.45	6.35863e-007	6.35799e-007
0.003875	-18.4	7.66347e-007	7.66416e-007
0.004	-18.35	7.07718e-007	7.07631e-007
0.004125	-18.3	8.38652e-007	8.38745e-007
0.00425	-18.25	7.86973e-007	7.86871e-007
0.004375	-18.2	9.1903e-007	9.19122e-007
0.0045	-18.15	8.74411e-007	8.74314e-007
0.004625	-18.1	1.00826e-006	1.00834e-006
0.00475	-18.05	9.70908e-007	9.70818e-007
0.004875	-18	1.1072e-006	1.1073e-006
0.005	-17.95	1.07745e-006	1.07735e-006
0.005125	-17.9	1.21686e-006	1.21695e-006
0.00525	-17.85	1.19508e-006	1.19498e-006
0.005375	-17.8	1.33831e-006	1.33841e-006
0.0055	-17.75	1.32498e-006	1.32488e-006
0.005625	-17.7	1.47278e-006	1.47287e-006
0.00575	-17.65	1.46842e-006	1.46832e-006
0.005875	-17.6	1.62159e-006	1.6217e-006
0.006	-17.55	1.62688e-006	1.62676e-006
0.006125	-17.5	1.78628e-006	1.78637e-006
0.00625	-17.45	1.80187e-006	1.80177e-006
0.006375	-17.4	1.96848e-006	1.96856e-006
0.0065	-17.35	1.99518e-006	1.99508e-006
0.006625	-17.3	2.16999e-006	2.17008e-006
0.00675	-17.25	2.20874e-006	2.20864e-006
0.006875	-17.2	2.39287e-006	2.39296e-006
0.007	-17.15	2.44469e-006	2.44457e-006
0.007125	-17.1	2.63931e-006	2.63943e-006
0.00725	-17.05	2.70535e-006	2.70523e-006
0.007375	-17	2.91186e-006	2.91195e-006
0.0075	-16.95	2.99333e-006	2.99324e-006
0.007625	-16.9	3.21319e-006	3.21326e-006
0.00775	-16.85	3.31155e-006	3.31146e-006
0.007875	-16.8	3.54632e-006	3.5464e-006
0.008	-16.75	3.66316e-006	3.66306e-006
0.008125	-16.7	3.9146e-006	3.9147e-006
0.00825	-16.65	4.05167e-006	4.05157e-006
0.008375	-16.6	4.32176e-006	4.32185e-006
0.0085	-16.55	4.48096e-006	4.48087e-006
0.008625	-16.5	4.77184e-006	4.77192e-006
0.00875	-16.45	4.95533e-006	4.95525e-006
0.008875	-16.4	5.26935e-006	5.26943e-006
0.009	-16.35	5.47955e-006	5.47946e-006
0.009125	-16.3	5.81928e-006	5.81935e-006
0.00925	-16.25	6.05884e-006	6.05873e-006
0.009375	-16.2	6.42714e-006	6.42723e-006
0.0095	-16.15	6.69895e-006	6.69887e-006
0.009625	-16.1	7.09905e-006	7.09911e-006
0.00975	-16.05	7.40633e-006	7.40627e-006
0.009875	-16	7.84169e-006	7.84174e-006
0.01	-15.95	8.18806e-006	8.18801e-006
0.010125	-15.9	8.66251e-006	8.66254e-006
0.01025	-15.85	9.05194e-006	9.0519e-006
0.010375	-15.8	9.56972e-006	9.56976e-006
0.0105	-15.75	1.00066e-005	1.00066e-005
0.010625	-15.7	1.05724e-005	1.05725e-005
0.01075	-15.65	1.10617e-005	1.10616e-005
0.010875	-15.6	1.16806e-005	1.16807e-005
0.011	-15.55	1.22276e-005	1.22276e-005
0.011125	-15.5	1.29055e-005	1.29055e-005
0.01125	-15.45	1.35161e-005	1.35161e-005
0.011375	-15.4	1.42592e-005	1.42593e-005
0.0115	-15.35	1.49401e-005	1.494e-005
0.011625	-15.3	1.57554e-005	1.57554e-005
0.01175	-15.25	1.65137e-005	1.65137e-005
0.011875	-15.2	1.74089e-005	1.7409e-005
0.012	-15.15	1.82528e-005	1.82528e-005
0.012125	-15.1	1.92364e-005	1.92365e-005
0.01225	-15.05	2.01748e-005	2.01747e-005
0.012375	-15	2.12562e-005	2.12562e-005
0.0125	-14.95	2.22988e-005	2.22987e-005
0.012625	-14.9	2.34884e-005	2.34884e-005
0.01275	-14.85	2.46461e-005	2.4646e-005
0.012875	-14.8	2.59554e-005	2.59554e-005
0.013	-14.75	2.72402e-005	2.72402e-005
0.013125	-14.7	2.86818e-005	2.86819e-005
0.01325	-14.65	3.01071e-005	3.01071e-005
0.013375	-14.6	3.16951e-005	3.16951e-005
0.0135	-14.55	3.32754e-005	3.32754e-005
0.013625	-14.5	3.50252e-005	3.50252e-005
0.01375	-14.45	3.67769e-005	3.67768e-005
0.013875	-14.4	3.87055e-005	3.87055e-005
0.014	-14.35	4.06465e-005	4.06465e-005
0.014125	-14.3	4.27729e-005	4.27729e-005
0.01425	-14.25	4.4923e-005	4.49229e-005
0.014375	-14.2	4.7268e-005	4.7268e-005
0.0145	-14.15	4.96491e-005	4.96491e-005
0.014625	-14.1	5.22359e-005	5.22359e-005
0.01475	-14.05	5.48722e-005	5.48721e-005
0.014875	-14	5.77262e-005	5.77262e-005
0.015	-13.95	6.06444e-005	6.06444e-005
0.015125	-13.9	6.37938e-005	6.37937e-005
0.01525	-13.85	6.70236e-005	6.70236e-005
0.015375	-13.8	7.04994e-005	7.04994e-005
0.0155	-13.75	7.40734e-005	7.40734e-005
0.015625	-13.7	7.79102e-005	7.79102e-005
0.01575	-13.65	8.18646e-005	8.18646e-005
0.015875	-13.6	8.61002e-005	8.61002e-005
0.016	-13.55	9.04749e-005	9.04749e-005
0.016125	-13.5	9.51514e-005	9.51513e-005
0.01625	-13.45	9.99905e-005	9.99905e-005
0.016375	-13.4	0.000105154	0.000105154
0.0165	-13.35	0.000110507	0.000110507
0.016625	-13.3	0.000116209	0.000116209
0.01675	-13.25	0.000122128	0.000122128
0.016875	-13.2	0.000128426	0.000128426
0.017	-13.15	0.000134972	0.000134972
0.017125	-13.1	0.000141927	0.000141927
0.01725	-13.05	0.000149166	0.000149166
0.017375	-13	0.000156848	0.000156848
0.0175	-12.95	0.000164852	0.000164852
0.017625	-12.9	0.000173338	0.000173338
0.01775	-12.85	0.000182187	0.000182187
0.017875	-12.8	0.000191561	0.000191561
0.018	-12.75	0.000201345	0.000201345
0.018125	-12.7	0.000211701	0.000211701
0.01825	-12.65	0.000222517	0.000222517
0.018375	-12.6	0.000233957	0.000233957
0.0185	-12.55	0.000245914	0.000245914
0.018625	-12.5	0.000258554	0.000258554
0.01875	-12.45	0.000271772	0.000271772
0.018875	-12.4	0.000285736	0.000285736
0.019	-12.35	0.000300347	0.000300347
0.019125	-12.3	0.000315775	0.000315775
0.01925	-12.25	0.000331926	0.000331926
0.019375	-12.2	0.000348972	0.000348972
0.0195	-12.15	0.000366825	0.000366825
0.019625	-12.1	0.000385659	0.000385659
0.01975	-12.05	0.000405392	0.000405392
0.019875	-12	0.000426202	0.000426202
0.02	-11.95	0.000448013	0.000448013
0.020125	-11.9	0.000471007	0.000471007
0.02025	-11.85	0.000495114	0.000495114
0.020375	-11.8	0.000520521	0.000520521
0.0205	-11.75	0.000547166	0.000547166
0.020625	-11.7	0.000575239	0.000575239
0.02075	-11.65	0.000604688	0.000604688
0.020875	-11.6	0.000635708	0.000635708
0.021	-11.55	0.000668256	0.000668256
0.021125	-11.5	0.000702533	0.000702533
0.02125	-11.45	0.000738504	0.000738504
0.021375	-11.4	0.00077638	0.00077638
0.0215	-11.35	0.000816135	0.000816135
0.021625	-11.3	0.000857988	0.000857988
0.02175	-11.25	0.000901924	0.000901924
0.021875	-11.2	0.000948171	0.000948171
0.022	-11.15	0.000996728	0.000996728
0.022125	-11.1	0.00104783	0.00104783
0.02225	-11.05	0.00110149	0.00110149
0.022375	-11	0.00115796	0.00115796
0.0225	-10.95	0.00121727	0.00121727
0.022625	-10.9	0.00127967	0.00127967
0.02275	-10.85	0.0013452	0.0013452
0.022875	-10.8	0.00141416	0.00141416
0.023	-10.75	0.00148658	0.00148658
0.023125	-10.7	0.00156278	0.00156278
0.02325	-10.65	0.00164281	0.00164281
0.023375	-10.6	0.00172701	0.00172701
0.0235	-10.55	0.00181546	0.00181546
0.023625	-10.5	0.00190849	0.00190849
0.02375	-10.45	0.00200624	0.00200624
0.023875	-10.4	0.00210904	0.00210904
0.024	-10.35	0.00221705	0.00221705
0.024125	-10.3	0.00233065	0.00233065
0.02425	-10.25	0.00245001	0.00245001
0.024375	-10.2	0.00257554	0.00257554
0.0245	-10.15	0.00270744	0.00270744
0.024625	-10.1	0.00284614	0.00284614
0.02475	-10.05	0.00299189	0.00299189
0.024875	-10	0.00314516	0.00314516
0.025	-9.95	0.00330622	0.00330622
0.025125	-9.9	0.00347558	0.00347558
0.02525	-9.85	0.00365355	0.00365355
0.025375	-9.8	0.00384068	0.00384068
0.0255	-9.75	0.00403734	0.00403734
0.025625	-9.7	0.00424412	0.00424412
0.02575	-9.65	0.00446142	0.00446142
0.025875	-9.6	0.0046899	0.0046899
0.026	-9.55	0.00493002	0.00493002
0.026125	-9.5	0.00518247	0.00518247
0.02625	-9.45	0.0054478	0.0054478
0.026375	-9.4	0.00572674	0.00572674
0.0265	-9.35	0.00601991	0.00601991
0.026625	-9.3	0.00632812	0.00632812
0.02675	-9.25	0.00665205	0.00665205
0.026875	-9.2	0.00699259	0.00699259
0.027	-9.15	0.00735051	0.00735051
0.027125	-9.1	0.00772677	0.00772677
0.02725	-9.05	0.00812223	0.00812223
0.027375	-9	0.00853796	0.00853796
0.0275	-8.95	0.0089749	0.0089749
0.027625	-8.9	0.00943422	0.00943422
0.02775	-8.85	0.00991698	0.00991698
0.027875	-8.8	0.0104245	0.0104245
0.028	-8.75	0.0109578	0.0109578
0.028125	-8.7	0.0115185	0.0115185
0.02825	-8.65	0.0121078	0.0121078
0.028375	-8.6	0.0127273	0.0127273
0.0285	-8.55	0.0133783	0.0133783
0.028625	-8.5	0.0140627	0.0140627
0.02875	-8.45	0.0147819	0.0147819
0.028875	-8.4	0.015538	0.015538
0.029	-8.35	0.0163326	0.0163326
0.029125	-8.3	0.0171679	0.0171679
0.02925	-8.25	0.0180457	0.0180457
0.029375	-8.2	0.0189684	0.0189684
0.0295	-8.15	0.0199382	0.0199382
0.029625	-8.1	0.0209575	0.0209575
0.02975	-8.05	0.0220288	0.0220288
0.029875	-8	0.0231548	0.0231548
0.03	-7.95	0.0243382	0.0243382
0.030125	-7.9	0.0255821	0.0255821
0.03025	-7.85	0.0268893	0.0268893
0.030375	-7.8	0.0282632	0.0282632
0.0305	-7.75	0.0297072	0.0297072
0.030625	-7.7	0.0312248	0.0312248
0.03075	-7.65	0.0328197	0.0328197
0.030875	-7.6	0.0344959	0.0344959
0.031	-7.55	0.0362575	0.0362575
0.031125	-7.5	0.0381089	0.0381089
0.03125	-7.45	0.0400545	0.0400545
0.031375	-7.4	0.0420992	0.0420992
0.0315	-7.35	0.0442481	0.0442481
0.031625	-7.3	0.0465063	0.0465063
0.03175	-7.25	0.0488794	0.0488794
0.031875	-7.2	0.0513733	0.0513733
0.032	-7.15	0.0539939	0.0539939
0.032125	-7.1	0.0567479	0.0567479
0.03225	-7.05	0.0596419	0.0596419
0.032375	-7	0.0626829	0.0626829
0.0325	-6.95	0.0658785	0.0658785
0.032625	-6.9	0.0692364	0.0692364
0.03275	-6.85	0.0727648	0.0727648
0.032875	-6.8	0.0764723	0.0764723
0.033	-6.75	0.0803679	0.0803679
0.033125	-6.7	0.0844612	0.0844612
0.03325	-6.65	0.088762	0.088762
0.033375	-6.6	0.0932809	0.0932809
0.0335	-6.55	0.0980288	0.0980288
0.033625	-6.5	0.103017	0.103017
0.03375	-6.45	0.108258	0.108258
0.033875	-6.4	0.113764	0.113764
0.034	-6.35	0.119549	0.119549
0.034125	-6.3	0.125626	0.125626
0.03425	-6.25	0.132011	0.132011
0.034375	-6.2	0.138718	0.138718
0.0345	-6.15	0.145763	0.145763
0.034625	-6.1	0.153164	0.153164
0.03475	-6.05	0.160939	0.160939
0.034875	-6	0.169105	0.169105
0.035	-5.95	0.177683	0.177683
0.035125	-5.9	0.186693	0.186693
0.03525	-5.85	0.196156	0.196156
0.035375	-5.8	0.206095	0.206095
0.0355	-5.75	0.216533	0.216533
0.035625	-5.7	0.227495	0.227495
0.03575	-5.65	0.239007	0.239007
0.035875	-5.6	0.251097	0.251097
0.036	-5.55	0.263792	0.263792
0.036125	-5.5	0.277123	0.277123
0.03625	-5.45	0.29112	0.29112
0.036375	-5.4	0.305816	0.305816
0.0365	-5.35	0.321247	0.321247
0.036625	-5.3	0.337446	0.337446
0.03675	-5.25	0.354453	0.354453
0.036875	-5.2	0.372305	0.372305
0.037	-5.15	0.391046	0.391046
0.037125	-5.1	0.410716	0.410716
0.03725	-5.05	0.431362	0.431362
0.037375	-5	0.45303	0.45303
0.0375	-4.95	0.47577	0.47577
0.037625	-4.9	0.499634	0.499634
0.03775	-4.85	0.524674	0.524674
0.037875	-4.8	0.550947	0.550947
0.038	-4.75	0.578512	0.578512
0.038125	-4.7	0.60743	0.60743
0.03825	-4.65	0.637765	0.637765
0.038375	-4.6	0.669585	0.669585
0.0385	-4.55	0.702958	0.702958
0.038625	-4.5	0.737957	0.737957
0.03875	-4.45	0.774659	0.774659
0.038875	-4.4	0.813142	0.813142
0.039	-4.35	0.853489	0.853489
0.039125	-4.3	0.895785	0.895785
0.03925	-4.25	0.94012	0.94012
0.039375	-4.2	0.986587	0.986587
0.0395	-4.15	1.03528	1.03528
0.039625	-4.1	1.08631	1.08631
0.03975	-4.05	1.13976	1.13976
0.039875	-4	1.19576	1.19576
0.04	-3.95	1.25442	1.25442
0.040125	-3.9	1.31584	1.31584
0.04025	-3.85	1.38016	1.38016
0.040375	-3.8	1.4475	1.4475
0.0405	-3.75	1.51798	1.51798
0.040625	-3.7	1.59175	1.59175
0.04075	-3.65	1.66894	1.66894
0.040875	-3.6	1.74969	1.74969
0.041	-3.55	1.83416	1.83416
0.041125	-3.5	1.92249	1.92249
0.04125	-3.45	2.01484	2.01484
0.041375	-3.4	2.11139	2.11139
0.0415	-3.35	2.21228	2.21228
0.041625	-3.3	2.31769	2.31769
0.04175	-3.25	2.42781	2.42781
0.041875	-3.2	2.5428	2.5428
0.042	-3.15	2.66285	2.66285
0.042125	-3.1	2.78815	2.78815
0.04225	-3.05	2.91889	2.91889
0.042375	-3	3.05526	3.05526
0.0425	-2.95	3.19747	3.19747
0.042625	-2.9	3.3457	3.3457
0.04275	-2.85	3.50018	3.50018
0.042875	-2.8	3.66109	3.66109
0.043	-2.75	3.82865	3.82865
0.043125	-2.7	4.00306	4.00306
0.04325	-2.65	4.18453	4.18453
0.043375	-2.6	4.37327	4.37327
0.0435	-2.55	4.56948	4.56948
0.043625	-2.5	4.77337	4.77337
0.04375	-2.45	4.98514	4.98514
0.043875	-2.4	5.20498	5.20498
0.044	-2.35	5.43309	5.43309
0.044125	-2.3	5.66965	5.66965
0.04425	-2.25	5.91484	5.91484
0.044375	-2.2	6.16884	6.16884
0.0445	-2.15	6.43181	6.43181
0.044625	-2.1	6.70389	6.70389
0.04475	-2.05	6.98522	6.98522
0.044875	-2	7.27593	7.27593
0.045	-1.95	7.57613	7.57613
0.045125	-1.9	7.8859	7.8859
0.04525	-1.85	8.20532	8.20532
0.045375	-1.8	8.53445	8.53445
0.0455	-1.75	8.8733	8.8733
0.045625	-1.7	9.22189	9.22189
0.04575	-1.65	9.58019	9.58019
0.045875	-1.6	9.94816	9.94816
0.046	-1.55	10.3257	10.3257
0.046125	-1.5	10.7127	10.7127
0.04625	-1.45	11.1091	11.1091
0.046375	-1.4	11.5146	11.5146
0.0465	-1.35	11.9291	11.9291
0.046625	-1.3	12.3523	12.3523
0.04675	-1.25	12.7839	12.7839
0.046875	-1.2	13.2236	13.2236
0.047	-1.15	13.671	13.671
0.047125	-1.1	14.1257	14.1257
0.04725	-1.05	14.5873	14.5873
0.047375	-1	15.0552	15.0552
0.0475	-0.95	15.529	15.529
0.047625	-0.9	16.008	16.008
0.04775	-0.85	16.4918	16.4918
0.047875	-0.8	16.9795	16.9795
0.048	-0.75	17.4706	17.4706
0.048125	-0.7	17.9642	17.9642
0.04825	-0.65	18.4597	18.4597
0.048375	-0.6	18.9563	18.9563
0.0485	-0.55	19.4531	19.4531
0.048625	-0.5	19.9493	19.9493
0.04875	-0.45	20.4441	20.4441
0.048875	-0.4	20.9366	20.9366
0.049	-0.35	21.4258	21.4258
0.049125	-0.3	21.9109	21.9109
0.04925	-0.25	22.3911	22.3911
0.049375	-0.2	22.8653	22.8653
0.0495	-0.15	23.3327	23.3327
0.049625	-0.1	23.7924	23.7924
0.04975	-0.05	24.2435	24.2435
0.049875	1.49755e-013	24.6852	24.6852
0.05	0.05	25.1167	25.1167
0.050125	0.1	25.5371	25.5371
0.05025	0.15	25.9458	25.9458
0.050375	0.2	26.3419	26.3419
0.0505	0.25	26.7249	26.7249
0.050625	0.3	27.094	27.094
0.05075	0.35	27.4487	27.4487
0.050875	0.4	27.7884	27.7884
0.051	0.45	28.1128	28.1128
0.051125	0.5	28.4213	28.4213
0.05125	0.55	28.7136	28.7136
0.051375	0.6	28.9894	28.9894
0.0515	0.65	29.2485	29.2485
0.051625	0.7	29.4907	29.4907
0.05175	0.75	29.7159	29.7159
0.051875	0.8	29.924	29.924
0.052	0.85	30.115	30.115
0.052125	0.9	30.289	30.289
0.05225	0.95	30.4461	30.4461
0.052375	1	30.5864	30.5864
0.0525	1.05	30.7103	30.7103
0.052625	1.1	30.8178	30.8178
0.05275	1.15	30.9094	30.9094
0.052875	1.2	30.9853	30.9853
0.053	1.25	31.046	31.046
0.053125	1.3	31.0919	31.0919
0.05325	1.35	31.1234	31.1234
0.053375	1.4	31.141	31.141
0.0535	1.45	31.1452	31.1452
0.053625	1.5	31.1364	31.1364
0.05375	1.55	31.1153	31.1153
0.053875	1.6	31.0823	31.0823
0.054	1.65	31.0381	31.0381
0.054125	1.7	30.983	30.983
0.05425	1.75	30.9178	30.9178
0.054375	1.8	30.8429	30.8429
0.0545	1.85	30.759	30.759
0.054625	1.9	30.6664	30.6664
0.05475	1.95	30.5659	30.5659
0.054875	2	30.4579	30.4579
0.055	2.05	30.3429	30.3429
0.055125	2.1	30.2214	30.2214
0.05525	2.15	30.094	30.094
0.055375	2.2	29.9611	29.9611
0.0555	2.25	29.8231	29.8231
0.055625	2.3	29.6806	29.6806
0.05575	2.35	29.5339	29.5339
0.055875	2.4	29.3834	29.3834
0.056	2.45	29.2296	29.2296
0.056125	2.5	29.0728	29.0728
0.05625	2.55	28.9133	28.9133
0.056375	2.6	28.7516	28.7516
0.0565	2.65	28.5879	28.5879
0.056625	2.7	28.4225	28.4225
0.05675	2.75	28.2558	28.2558
0.056875	2.8	28.0879	28.0879
0.057	2.85	27.9192	27.9192
0.057125	2.9	27.7498	27.7498
0.05725	2.95	27.58	27.58
0.057375	3	27.41	27.41
0.0575	3.05	27.24	27.24
0.057625	3.1	27.0702	27.0702
0.05775	3.15	26.9007	26.9007
0.057875	3.2	26.7317	26.7317
0.058	3.25	26.5633	26.5633
0.058125	3.3	26.3956	26.3956
0.05825	3.35	26.2288	26.2288
0.058375	3.4	26.063	26.063
0.0585	3.45	25.8983	25.8983
0.058625	3.5	25.7347	25.7347
0.05875	3.55	25.5723	25.5723
0.058875	3.6	25.4113	25.4113
0.059	3.65	25.2516	25.2516
0.059125	3.7	25.0933	25.0933
0.05925	3.75	24.9366	24.9366
0.059375	3.8	24.7813	24.7813
0.0595	3.85	24.6276	24.6276
0.059625	3.9	24.4756	24.4756
0.05975	3.95	24.3251	24.3251
0.059875	4	24.1763	24.1763
0.06	4.05	24.0291	24.0291
0.060125	4.1	23.8837	23.8837
0.06025	4.15	23.7399	23.7399
0.060375	4.2	23.5978	23.5978
0.0605	4.25	23.4575	23.4575
0.060625	4.3	23.3188	23.3188
0.06075	4.35	23.1819	23.1819
0.060875	4.4	23.0467	23.0467
0.061	4.45	22.9132	22.9132
0.061125	4.5	22.7813	22.7813
0.06125	4.55	22.6512	22.6512
0.061375	4.6	22.5228	22.5228
0.0615	4.65	22.396	22.396
0.061625	4.7	22.2709	22.2709
0.06175	4.75	22.1475	22.1475
0.061875	4.8	22.0256	22.0256
0.062	4.85	21.9054	21.9054
0.062125	4.9	21.7869	21.7869
0.06225	4.95	21.6698	21.6698
0.062375	5	21.5544	21.5544
0.0625	5.05	21.4405	21.4405
0.062625	5.1	21.3282	21.3282
0.06275	5.15	21.2173	21.2173
0.062875	5.2	21.108	21.108
0.063	5.25	21.0001	21.0001
0.063125	5.3	20.8937	20.8937
0.06325	5.35	20.7888	20.7888
0.063375	5.4	20.6852	20.6852
0.0635	5.45	20.5831	20.5831
0.063625	5.5	20.4824	20.4824
0.06375	5.55	20.383	20.383
0.063875	5.6	20.2849	20.2849
0.064	5.65	20.1882	20.1882
0.064125	5.7	20.0928	20.0928
0.06425	5.75	19.9986	19.9986
0.064375	5.8	19.9058	19.9058
0.0645	5.85	19.8141	19.8141
0.064625	5.9	19.7237	19.7237
0.06475	5.95	19.6345	19.6345
0.064875	6	19.5465	19.5465
0.065	6.05	19.4597	19.4597
0.065125	6.1	19.374	19.374
0.06525	6.15	19.2895	19.2895
0.065375	6.2	19.2061	19.2061
0.0655	6.25	19.1238	19.1238
0.065625	6.3	19.0425	19.0425
0.06575	6.35	18.9624	18.9624
0.065875	6.4	18.8832	18.8832
0.066	6.45	18.8051	18.8051
0.066125	6.5	18.7281	18.7281
0.06625	6.55	18.652	18.652
0.066375	6.6	18.5769	18.5769
0.0665	6.65	18.5028	18.5028
0.066625	6.7	18.4296	18.4296
0.06675	6.75	18.3574	18.3574
0.066875	6.8	18.2861	18.2861
0.067	6.85	18.2157	18.2157
0.067125	6.9	18.1462	18.1462
0.06725	6.95	18.0776	18.0776
0.067375	7	18.0099	18.0099
0.0675	7.05	17.943	17.943
0.067625	7.1	17.8769	17.8769
0.06775	7.15	17.8117	17.8117
0.067875	7.2	17.7472	17.7472
0.068	7.25	17.6836	17.6836
0.068125	7.3	17.6208	17.6208
0.06825	7.35	17.5587	17.5587
0.068375	7.4	17.4974	17.4974
0.0685	7.45	17.4369	17.4369
0.068625	7.5	17.3771	17.3771
0.06875	7.55	17.318	17.318
0.068875	7.6	17.2596	17.2596
0.069	7.65	17.202	17.202
0.069125	7.7	17.145	17.145
0.06925	7.75	17.0887	17.0887
0.069375	7.8	17.0331	17.0331
0.0695	7.85	16.9781	16.9781
0.069625	7.9	16.9238	16.9238
0.06975	7.95	16.8702	16.8702
0.069875	8	16.8171	16.8171
0.07	8.05	16.7647	16.7647
0.070125	8.1	16.7129	16.7129
0.07025	8.15	16.6617	16.6617
0.070375	8.2	16.6111	16.6111
0.0705	8.25	16.5611	16.5611
0.070625	8.3	16.5117	16.5117
0.07075	8.35	16.4628	16.4628
0.070875	8.4	16.4145	16.4145
0.071	8.45	16.3667	16.3667
0.071125	8.5	16.3195	16.3195
0.07125	8.55	16.2728	16.2728
0.071375	8.6	16.2266	16.2266
0.0715	8.65	16.1809	16.1809
0.071625	8.7	16.1358	16.1358
0.07175	8.75	16.0911	16.0911
0.071875	8.8	16.047	16.047
0.072	8.85	16.0033	16.0033
0.072125	8.9	15.9601	15.9601
0.07225	8.95	15.9174	15.9174
0.072375	9	15.8751	15.8751
0.0725	9.05	15.8333	15.8333
0.072625	9.1	15.792	15.792
0.07275	9.15	15.7511	15.7511
0.072875	9.2	15.7106	15.7106
0.073	9.25	15.6706	15.6706
0.073125	9.3	15.631	15.631
0.07325	9.35	15.5918	15.5918
0.073375	9.4	15.553	15.553
0.0735	9.45	15.5146	15.5146
0.073625	9.5	15.4767	15.4767
0.07375	9.55	15.4391	15.4391
0.073875	9.6	15.4019	15.4019
0.074	9.65	15.3651	15.3651
0.074125	9.7	15.3287	15.3287
0.07425	9.75	15.2926	15.2926
0.074375	9.8	15.2569	15.2569
0.0745	9.85	15.2216	15.2216
0.074625	9.9	15.1866	15.1866
0.07475	9.95	15.152	15.152
0.074875	10	15.1178	15.1178
0.075	10.05	15.0838	15.0838
0.075125	10.1	15.0502	15.0502
0.07525	10.15	15.017	15.017
0.075375	10.2	14.984	14.984
0.0755	10.25	14.9514	14.9514
0.075625	10.3	14.9191	14.9191
0.07575	10.35	14.8872	14.8872
0.075875	10.4	14.8555	14.8555
0.076	10.45	14.8241	14.8241
0.076125	10.5	14.7931	14.7931
0.07625	10.55	14.7623	14.7623
0.076375	10.6	14.7318	14.7318
0.0765	10.65	14.7016	14.7016
0.076625	10.7	14.6717	14.6717
0.07675	10.75	14.6421	14.6421
0.076875	10.8	14.6128	14.6128
0.077	10.85	14.5837	14.5837
0.077125	10.9	14.5549	14.5549
0.07725	10.95	14.5264	14.5264
0.077375	11	14.4981	14.4981
0.0775	11.05	14.4701	14.4701
0.077625	11.1	14.4423	14.4423
0.07775	11.15	14.4148	14.4148
0.077875	11.2	14.3875	14.3875
0.078	11.25	14.3605	14.3605
0.078125	11.3	14.3338	14.3338
0.07825	11.35	14.3072	14.3072
0.078375	11.4	14.2809	14.2809
0.0785	11.45	14.2548	14.2548
0.078625	11.5	14.229	14.229
0.07875	11.55	14.2034	14.2034
0.078875	11.6	14.178	14.178
0.079	11.65	14.1528	14.1528
0.079125	11.7	14.1279	14.1279
0.07925	11.75	14.1031	14.1031
0.079375	11.8	14.0786	14.0786
0.0795	11.85	14.0543	14.0543
0.079625	11.9	14.0302	14.0302
0.07975	11.95	14.0062	14.0062
0.079875	12	13.9825	13.9825
0.08	12.05	13.959	13.959
0.080125	12.1	13.9357	13.9357
0.08025	12.15	13.9126	13.9126
0.080375	12.2	13.8896	13.8896
0.0805	12.25	13.8669	13.8669
0.080625	12.3	13.8443	13.8443
0.08075	12.35	13.8219	13.8219
0.080875	12.4	13.7998	13.7998
0.081	12.45	13.7777	13.7777
0.081125	12.5	13.7559	13.7559
0.08125	12.55	13.7342	13.7342
0.081375	12.6	13.7127	13.7127
0.0815	12.65	13.6914	13.6914
0.081625	12.7	13.6702	13.6702
0.08175	12.75	13.6492	13.6492
0.081875	12.8	13.6284	13.6284
0.082	12.85	13.6077	13.6077
0.082125	12.9	13.5872	13.5872
0.08225	12.95	13.5669	13.5669
0.082375	13	13.5467	13.5467
0.0825	13.05	13.5266	13.5266
0.082625	13.1	13.5067	13.5067
0.08275	13.15	13.487	13.487
0.082875	13.2	13.4674	13.4674
0.083	13.25	13.448	13.448
0.083125	13.3	13.4287	13.4287
0.08325	13.35	13.4095	13.4095
0.083375	13.4	13.3905	13.3905
0.0835	13.45	13.3716	13.3716
0.083625	13.5	13.3528	13.3528
0.08375	13.55	13.3342	13.3342
0.083875	13.6	13.3158	13.3158
0.084	13.65	13.2974	13.2974
0.084125	13.7	13.2792	13.2792
0.08425	13.75	13.2611	13.2611
0.084375	13.8	13.2432	13.2432
0.0845	13.85	13.2254	13.2254
0.084625	13.9	13.2077	13.2077
0.08475	13.95	13.1901	13.1901
0.084875	14	13.1726	13.1726
0.085	14.05	13.1553	13.1553
0.085125	14.1	13.1381	13.1381
0.08525	14.15	13.121	13.121
0.085375	14.2	13.104	13.104
0.0855	14.25	13.0871	13.0871
0.085625	14.3	13.0704	13.0704
0.08575	14.35	13.0537	13.0537
0.085875	14.4	13.0372	13.0372
0.086	14.45	13.0208	13.0208
0.086125	14.5	13.0045	13.0045
0.08625	14.55	12.9883	12.9883
0.086375	14.6	12.9722	12.9722
0.0865	14.65	12.9562	12.9562
0.086625	14.7	12.9403	12.9403
0.08675	14.75	12.9245	12.9245
0.086875	14.8	12.9088	12.9088
0.087	14.85	12.8932	12.8932
0.087125	14.9	12.8778	12.8778
0.08725	14.95	12.8624	12.8624
0.087375	15	12.8471	12.8471
0.0875	15.05	12.8319	12.8319
0.087625	15.1	12.8168	12.8168
0.08775	15.15	12.8018	12.8018
0.087875	15.2	12.7869	12.7869
0.088	15.25	12.7721	12.7721
0.088125	15.3	12.7573	12.7573
0.08825	15.35	12.7427	12.7427
0.088375	15.4	12.7281	12.7281
0.0885	15.45	12.7137	12.7137
0.088625	15.5	12.6993	12.6993
0.08875	15.55	12.685	12.685
0.088875	15.6	12.6708	12.6708
0.089	15.65	12.6567	12.6567
0.089125	15.7	12.6426	12.6426
0.08925	15.75	12.6287	12.6287
0.089375	15.8	12.6148	12.6148
0.0895	15.85	12.601	12.601
0.089625	15.9	12.5873	12.5873
0.08975	15.95	12.5737	12.5737
0.089875	16	12.5601	12.5601
0.09	16.05	12.5466	12.5466
0.090125	16.1	12.5332	12.5332
0.09025	16.15	12.5199	12.5199
0.090375	16.2	12.5066	12.5066
0.0905	16.25	12.4934	12.4934
0.090625	16.3	12.4803	12.4803
0.09075	16.35	12.4673	12.4673
0.090875	16.4	12.4543	12.4543
0.091	16.45	12.4414	12.4414
0.091125	16.5	12.4286	12.4286
0.09125	16.55	12.4159	12.4159
0.091375	16.6	12.4032	12.4032
0.0915	16.65	12.3906	12.3906
0.091625	16.7	12.378	12.378
0.09175	16.75	12.3655	12.3655
0.091875	16.8	12.3531	12.3531
0.092	16.85	12.3408	12.3408
0.092125	16.9	12.3285	12.3285
0.09225	16.95	12.3163	12.3163
0.092375	17	12.3041	12.3041
0.0925	17.05	12.292	12.292
0.092625	17.1	12.28	12.28
0.09275	17.15	12.268	12.268
0.092875	17.2	12.2561	12.2561
0.093	17.25	12.2442	12.2442
0.093125	17.3	12.2325	12.2325
0.09325	17.35	12.2207	12.2207
0.093375	17.4	12.209	12.209
0.0935	17.45	12.1974	12.1974
0.093625	17.5	12.1859	12.1859
0.09375	17.55	12.1744	12.1744
0.093875	17.6	12.1629	12.1629
0.094	17.65	12.1515	12.1515
0.094125	17.7	12.1402	12.1402
0.09425	17.75	12.1289	12.1289
0.094375	17.8	12.1177	12.1177
0.0945	17.85	12.1065	12.1065
0.094625	17.9	12.0954	12.0954
0.09475	17.95	12.0843	12.0843
0.094875	18	12.0733	12.0733
0.095	18.05	12.0624	12.0624
0.095125	18.1	12.0515	12.0515
0.09525	18.15	12.0406	12.0406
0.095375	18.2	12.0298	12.0298
0.0955	18.25	12.019	12.019
0.095625	18.3	12.0083	12.0083
0.09575	18.35	11.9977	11.9977
0.095875	18.4	11.987	11.987
0.096	18.45	11.9765	11.9765
0.096125	18.5	11.966	11.966
0.09625	18.55	11.9555	11.9555
0.096375	18.6	11.9451	11.9451
0.0965	18.65	11.9347	11.9347
0.096625	18.7	11.9244	11.9244
0.09675	18.75	11.9141	11.9141
0.096875	18.8	11.9038	11.9038
0.097	18.85	11.8936	11.8936
0.097125	18.9	11.8835	11.8835
0.09725	18.95	11.8734	11.8734
0.097375	19	11.8633	11.8633
0.0975	19.05	11.8533	11.8533
0.097625	19.1	11.8433	11.8433
0.09775	19.15	11.8334	11.8334
0.097875	19.2	11.8235	11.8235
0.098	19.25	11.8136	11.8136
0.098125	19.3	11.8038	11.8038
0.09825	19.35	11.794	11.794
0.098375	19.4	11.7843	11.7843
0.0985	19.45	11.7746	11.7746
0.098625	19.5	11.765	11.765
0.09875	19.55	11.7554	11.7554
0.098875	19.6	11.7458	11.7458
0.099	19.65	11.7362	11.7362
0.099125	19.7	11.7268	11.7268
0.09925	19.75	11.7173	11.7173
0.099375	19.8	11.7079	11.7079
0.0995	19.85	11.6985	11.6985
0.099625	19.9	11.6891	11.6891
0.09975	19.95	11.6798	11.6798
0.099875	19.9	11.6705	11.6705
0.1	19.85	11.6613	11.6613
0.100125	19.8	11.6521	11.6521
0.10025	19.75	11.6429	11.6429
0.100375	19.7	11.6338	11.6338
0.1005	19.65	11.6247	11.6247
0.100625	19.6	11.6156	11.6156
0.10075	19.55	11.6066	11.6066
0.100875	19.5	11.5976	11.5976
0.101	19.45	11.5886	11.5886
0.101125	19.4	11.5797	11.5797
0.10125	19.35	11.5708	11.5708
0.101375	19.3	11.5619	11.5619
0.1015	19.25	11.5531	11.5531
0.101625	19.2	11.5443	11.5443
0.10175	19.15	11.5356	11.5356
0.101875	19.1	11.5268	11.5268
0.102	19.05	11.5181	11.5181
0.102125	19	11.5095	11.5095
0.10225	18.95	11.5008	11.5008
0.102375	18.9	11.4922	11.4922
0.1025	18.85	11.4836	11.4836
0.102625	18.8	11.4751	11.4751
0.10275	18.75	11.4666	11.4666
0.102875	18.7	11.4581	11.4581
0.103	18.65	11.4497	11.4497
0.103125	18.6	11.4412	11.4412
0.10325	18.55	11.4328	11.4328
0.103375	18.5	11.4245	11.4245
0.1035	18.45	11.4161	11.4161
0.103625	18.4	11.4078	11.4078
0.10375	18.35	11.3996	11.3996
0.103875	18.3	11.3913	11.3913
0.104	18.25	11.3831	11.3831
0.104125	18.2	11.3749	11.3749
0.10425	18.15	11.3667	11.3667
0.104375	18.1	11.3586	11.3586
0.1045	18.05	11.3505	11.3505
0.104625	18	11.3424	11.3424
0.10475	17.95	11.3343	11.3343
0.104875	17.9	11.3263	11.3263
0.105	17.85	11.3183	11.3183
0.105125	17.8	11.3103	11.3103
0.10525	17.75	11.3024	11.3024
0.105375	17.7	11.2945	11.2945
0.1055	17.65	11.2866	11.2866
0.105625	17.6	11.2787	11.2787
0.10575	17.55	11.2708	11.2708
0.105875	17.5	11.263	11.263
0.106	17.45	11.2552	11.2552
0.106125	17.4	11.2474	11.2474
0.10625	17.35	11.2397	11.2397
0.106375	17.3	11.232	11.232
0.1065	17.25	11.2243	11.2243
0.106625	17.2	11.2166	11.2166
0.10675	17.15	11.2089	11.2089
0.106875	17.1	11.2013	11.2013
0.107	17.05	11.1937	11.1937
0.107125	17	11.1861	11.1861
0.10725	16.95	11.1786	11.1786
0.107375	16.9	11.171	11.171
0.1075	16.85	11.1635	11.1635
0.107625	16.8	11.156	11.156
0.10775	16.75	11.1486	11.1486
0.107875	16.7	11.1411	11.1411
0.108	16.65	11.1337	11.1337
0.108125	16.6	11.1263	11.1263
0.10825	16.55	11.1189	11.1189
0.108375	16.5	11.1116	11.1116
0.1085	16.45	11.1042	11.1042
0.108625	16.4	11.0969	11.0969
0.10875	16.35	11.0896	11.0896
0.108875	16.3	11.0824	11.0824
0.109	16.25	11.0751	11.0751
0.109125	16.2	11.0679	11.0679
0.10925	16.15	11.0607	11.0607
0.109375	16.1	11.0535	11.0535
0.1095	16.05	11.0463	11.0463
0.109625	16	11.0392	11.0392
0.10975	15.95	11.032	11.032
0.109875	15.9	11.0249	11.0249
0.11	15.85	11.0179	11.0179
0.110125	15.8	11.0108	11.0108
0.11025	15.75	11.0037	11.0037
0.110375	15.7	10.9967	10.9967
0.1105	15.65	10.9897	10.9897
0.110625	15.6	10.9827	10.9827
0.11075	15.55	10.9757	10.9757
0.110875	15.5	10.9688	10.9688
0.111	15.45	10.9619	10.9619
0.111125	15.4	10.955	10.955
0.11125	15.35	10.9481	10.9481
0.111375	15.3	10.9412	10.9412
0.1115	15.25	10.9343	10.9343
0.111625	15.2	10.9275	10.9275
0.11175	15.15	10.9207	10.9207
0.111875	15.1	10.9139	10.9139
0.112	15.05	10.9071	10.9071
0.112125	15	10.9003	10.9003
0.11225	14.95	10.8936	10.8936
0.112375	14.9	10.8868	10.8868
0.1125	14.85	10.8801	10.8801
0.112625	14.8	10.8734	10.8734
0.11275	14.75	10.8667	10.8667
0.112875	14.7	10.8601	10.8601
0.113	14.65	10.8534	10.8534
0.113125	14.6	10.8468	10.8468
0.11325	14.55	10.8402	10.8402
0.113375	14.5	10.8336	10.8336
0.1135	14.45	10.827	10.827
0.113625	14.4	10.8204	10.8204
0.11375	14.35	10.8139	10.8139
0.113875	14.3	10.8074	10.8074
0.114	14.25	10.8008	10.8008
0.114125	14.2	10.7943	10.7943
0.11425	14.15	10.7879	10.7879
0.114375	14.1	10.7814	10.7814
0.1145	14.05	10.7749	10.7749
0.114625	14	10.7685	10.7685
0.11475	13.95	10.7621	10.7621
0.114875	13.9	10.7557	10.7557
0.115	13.85	10.7493	10.7493
0.115125	13.8	10.7429	10.7429
0.11525	13.75	10.7365	10.7365
0.115375	13.7	10.7302	10.7302
0.1155	13.65	10.7238	10.7238
0.115625	13.6	10.7175	10.7175
0.11575	13.55	10.7112	10.7112
0.115875	13.5	10.7049	10.7049
0.116	13.45	10.6986	10.6986
0.116125	13.4	10.6924	10.6924
0.11625	13.35	10.6861	10.6861
0.116375	13.3	10.6799	10.6799
0.1165	13.25	10.6736	10.6736
0.116625	13.2	10.6674	10.6674
0.11675	13.15	10.6612	10.6612
0.116875	13.1	10.655	10.655
0.117	13.05	10.6489	10.6489
0.117125	13	10.6427	10.6427
0.11725	12.95	10.6366	10.6366
0.117375	12.9	10.6304	10.6304
0.1175	12.85	10.6243	10.6243
0.117625	12.8	10.6182	10.6182
0.11775	12.75	10.6121	10.6121
0.117875	12.7	10.606	10.606
0.118	12.65	10.5999	10.5999
0.118125	12.6	10.5939	10.5939
0.11825	12.55	10.5878	10.5878
0.118375	12.5	10.5818	10.5818
0.1185	12.45	10.5757	10.5757
0.118625	12.4	10.5697	10.5697
0.11875	12.35	10.5637	10.5637
0.118875	12.3	10.5577	10.5577
0.119	12.25	10.5517	10.5517
0.119125	12.2	10.5458	10.5458
0.11925	12.15	10.5398	10.5398
0.119375	12.1	10.5338	10.5338
0.1195	12.05	10.5279	10.5279
0.119625	12	10.5219	10.5219
0.11975	11.95	10.516	10.516
0.119875	11.9	10.5101	10.5101
0.12	11.85	10.5042	10.5042
0.120125	11.8	10.4983	10.4983
0.12025	11.75	10.4924	10.4924
0.120375	11.7	10.4865	10.4865
0.1205	11.65	10.4806	10.4806
0.120625	11.6	10.4748	10.4748
0.12075	11.55	10.4689	10.4689
0.120875	11.5	10.463	10.463
0.121	11.45	10.4572	10.4572
0.121125	11.4	10.4514	10.4514
0.12125	11.35	10.4455	10.4455
0.121375	11.3	10.4397	10.4397
0.1215	11.25	10.4339	10.4339
0.121625	11.2	10.4281	10.4281
0.12175	11.15	10.4223	10.4223
0.121875	11.1	10.4165	10.4165
0.122	11.05	10.4107	10.4107
0.122125	11	10.4049	10.4049
0.12225	10.95	10.3991	10.3991
0.122375	10.9	10.3933	10.3933
0.1225	10.85	10.3875	10.3875
0.122625	10.8	10.3817	10.3817
0.12275	10.75	10.376	10.376
0.122875	10.7	10.3702	10.3702
0.123	10.65	10.3644	10.3644
0.123125	10.6	10.3587	10.3587
0.12325	10.55	10.3529	10.3529
0.123375	10.5	10.3471	10.3471
0.1235	10.45	10.3414	10.3414
0.123625	10.4	10.3356	10.3356
0.12375	10.35	10.3299	10.3299
0.123875	10.3	10.3241	10.3241
0.124	10.25	10.3183	10.3183
0.124125	10.2	10.3126	10.3126
0.12425	10.15	10.3068	10.3068
0.124375	10.1	10.301	10.301
0.1245	10.05	10.2952	10.2952
0.124625	10	10.2895	10.2895
0.12475	9.95	10.2837	10.2837
0.124875	9.9	10.2779	10.2779
0.125	9.85	10.2721	10.2721
0.125125	9.8	10.2663	10.2663
0.12525	9.75	10.2605	10.2605
0.125375	9.7	10.2547	10.2547
0.1255	9.65	10.2489	10.2489
0.125625	9.6	10.243	10.243
0.12575	9.55	10.2372	10.2372
0.125875	9.5	10.2313	10.2313
0.126	9.45	10.2255	10.2255
0.126125	9.4	10.2196	10.2196
0.12625	9.35	10.2137	10.2137
0.126375	9.3	10.2078	10.2078
0.1265	9.25	10.2019	10.2019
0.126625	9.2	10.1959	10.1959
0.12675	9.15	10.19	10.19
0.126875	9.1	10.184	10.184
0.127	9.05	10.178	10.178
0.127125	9	10.1719	10.1719
0.12725	8.95	10.1659	10.1659
0.127375	8.9	10.1598	10.1598
0.1275	8.85	10.1537	10.1537
0.127625	8.8	10.1476	10.1476
0.12775	8.75	10.1414	10.1414
0.127875	8.7	10.1352	10.1352
0.128	8.65	10.129	10.129
0.128125	8.6	10.1228	10.1228
0.12825	8.55	10.1165	10.1165
0.128375	8.5	10.1101	10.1101
0.1285	8.45	10.1038	10.1038
0.128625	8.4	10.0973	10.0973
0.12875	8.35	10.0909	10.0909
0.128875	8.3	10.0844	10.0844
0.129	8.25	10.0778	10.0778
0.129125	8.2	10.0712	10.0712
0.12925	8.15	10.0645	10.0645
0.129375	8.1	10.0578	10.0578
0.1295	8.05	10.051	10.051
0.129625	8	10.0441	10.0441
0.12975	7.95	10.0372	10.0372
0.129875	7.9	10.0302	10.0302
0.13	7.85	10.0231	10.0231
0.130125	7.8	10.0159	10.0159
0.13025	7.75	10.0087	10.0087
0.130375	7.7	10.0014	10.0014
0.1305	7.65	9.99395	9.99395
0.130625	7.6	9.98643	9.98643
0.13075	7.55	9.97881	9.97881
0.130875	7.5	9.97109	9.97109
0.131	7.45	9.96325	9.96325
0.131125	7.4	9.9553	9.9553
0.13125	7.35	9.94722	9.94722
0.131375	7.3	9.93902	9.93902
0.1315	7.25	9.93068	9.93068
0.131625	7.2	9.9222	9.9222
0.13175	7.15	9.91357	9.91357
0.131875	7.1	9.90478	9.90478
0.132	7.05	9.89584	9.89584
0.132125	7	9.88672	9.88672
0.13225	6.95	9.87742	9.87742
0.132375	6.9	9.86794	9.86794
0.1325	6.85	9.85826	9.85826
0.132625	6.8	9.84837	9.84837
0.13275	6.75	9.83827	9.83827
0.132875	6.7	9.82794	9.82794
0.133	6.65	9.81737	9.81737
0.133125	6.6	9.80656	9.80656
0.13325	6.55	9.79548	9.79548
0.133375	6.5	9.78413	9.78413
0.1335	6.45	9.7725	9.7725
0.133625	6.4	9.76057	9.76057
0.13375	6.35	9.74832	9.74832
0.133875	6.3	9.73575	9.73575
0.134	6.25	9.72283	9.72283
0.134125	6.2	9.70955	9.70955
0.13425	6.15	9.69589	9.69589
0.134375	6.1	9.68183	9.68183
0.1345	6.05	9.66736	9.66736
0.134625	6	9.65246	9.65246
0.13475	5.95	9.6371	9.6371
0.134875	5.9	9.62127	9.62127
0.135	5.85	9.60493	9.60493
0.135125	5.8	9.58807	9.58807
0.13525	5.75	9.57067	9.57067
0.135375	5.7	9.55269	9.55269
0.1355	5.65	9.53411	9.53411
0.135625	5.6	9.5149	9.5149
0.13575	5.55	9.49504	9.49504
0.135875	5.5	9.47448	9.47448
0.136	5.45	9.4532	9.4532
0.136125	5.4	9.43117	9.43117
0.13625	5.35	9.40834	9.40834
0.136375	5.3	9.38469	9.38469
0.1365	5.25	9.36016	9.36016
0.136625	5.2	9.33473	9.33473
0.13675	5.15	9.30835	9.30835
0.136875	5.1	9.28098	9.28098
0.137	5.05	9.25256	9.25256
0.137125	5	9.22305	9.22305
0.13725	4.95	9.19241	9.19241
0.137375	4.9	9.16057	9.16057
0.1375	4.85	9.12748	9.12748
0.137625	4.8	9.09309	9.09309
0.13775	4.75	9.05733	9.05733
0.137875	4.7	9.02015	9.02015
0.138	4.65	8.98147	8.98147
0.138125	4.6	8.94123	8.94123
0.13825	4.55	8.89936	8.89936
0.138375	4.5	8.85579	8.85579
0.1385	4.45	8.81043	8.81043
0.138625	4.4	8.76321	8.76321
0.13875	4.35	8.71405	8.71405
0.138875	4.3	8.66285	8.66285
0.139	4.25	8.60953	8.60953
0.139125	4.2	8.554	8.554
0.13925	4.15	8.49615	8.49615
0.139375	4.1	8.43588	8.43588
0.1395	4.05	8.3731	8.3731
0.139625	4	8.30768	8.30768
0.13975	3.95	8.23953	8.23953
0.139875	3.9	8.16851	8.16851
0.14	3.85	8.09452	8.09452
0.140125	3.8	8.01742	8.01742
0.14025	3.75	7.93708	7.93708
0.140375	3.7	7.85338	7.85338
0.1405	3.65	7.76616	7.76616
0.140625	3.6	7.6753	7.6753
0.14075	3.55	7.58063	7.58063
0.140875	3.5	7.48202	7.48202
0.141	3.45	7.3793	7.3793
0.141125	3.4	7.27231	7.27231
0.14125	3.35	7.16088	7.16088
0.141375	3.3	7.04486	7.04486
0.1415	3.25	6.92406	6.92406
0.141625	3.2	6.79831	6.79831
0.14175	3.15	6.66743	6.66743
0.141875	3.1	6.53123	6.53123
0.142	3.05	6.38952	6.38952
0.142125	3	6.24212	6.24212
0.14225	2.95	6.08883	6.08883
0.142375	2.9	5.92946	5.92946
0.1425	2.85	5.76379	5.76379
0.142625	2.8	5.59165	5.59165
0.14275	2.75	5.41282	5.41282
0.142875	2.7	5.2271	5.2271
0.143	2.65	5.0343	5.0343
0.143125	2.6	4.83422	4.83422
0.14325	2.55	4.62664	4.62664
0.143375	2.5	4.41139	4.41139
0.1435	2.45	4.18827	4.18827
0.143625	2.4	3.95708	3.95708
0.14375	2.35	3.71765	3.71765
0.143875	2.3	3.4698	3.4698
0.144	2.25	3.21336	3.21336
0.144125	2.2	2.94816	2.94816
0.14425	2.15	2.67407	2.67407
0.144375	2.1	2.39095	2.39095
0.1445	2.05	2.09866	2.09866
0.144625	2	1.79709	1.79709
0.14475	1.95	1.48616	1.48616
0.144875	1.9	1.16579	1.16579
0.145	1.85	0.835911	0.835911
0.145125	1.8	0.496495	0.496495
0.14525	1.75	0.147528	0.147528
0.145375	1.7	-0.210979	-0.210979
0.1455	1.65	-0.57899	-0.57899
0.145625	1.6	-0.956438	-0.956438
0.14575	1.55	-1.34323	-1.34323
0.145875	1.5	-1.73923	-1.73923
0.146	1.45	-2.14429	-2.14429
0.146125	1.4	-2.55822	-2.55822
0.14625	1.35	-2.98077	-2.98077
0.146375	1.3	-3.4117	-3.4117
0.1465	1.25	-3.85068	-3.85068
0.146625	1.2	-4.29738	-4.29738
0.14675	1.15	-4.75141	-4.75141
0.146875	1.1	-5.21235	-5.21235
0.147	1.05	-5.67973	-5.67973
0.147125	1	-6.15305	-6.15305
0.14725	0.95	-6.63176	-6.63176
0.147375	0.9	-7.11527	-7.11527
0.1475	0.85	-7.60297	-7.60297
0.147625	0.8	-8.09419	-8.09419
0.14775	0.75	-8.58822	-8.58822
0.147875	0.7	-9.08435	-9.08435
0.148	0.65	-9.5818	-9.5818
0.148125	0.6	-10.0798	-10.0798
0.14825	0.55	-10.5775	-10.5775
0.148375	0.5	-11.074	-11.074
0.1485	0.45	-11.5686	-11.5686
0.148625	0.4	-12.0603	-12.0603
0.14875	0.35	-12.5483	-12.5483
0.148875	0.3	-13.0315	-13.0315
0.149	0.25	-13.5093	-13.5093
0.149125	0.2	-13.9806	-13.9806
0.14925	0.15	-14.4445	-14.4445
0.149375	0.1	-14.9003	-14.9003
0.1495	0.05	-15.347	-15.347
0.149625	1.47951e-013	-15.7837	-15.7837
0.14975	-0.05	-16.2098	-16.2098
0.149875	-0.1	-16.6243	-16.6243
0.15	-0.15	-17.0267	-17.0267
0.150125	-0.2	-17.4161	-17.4161
0.15025	-0.25	-17.7918	-17.7918
0.150375	-0.3	-18.1534	-18.1534
0.1505	-0.35	-18.5003	-18.5003
0.150625	-0.4	-18.8318	-18.8318
0.15075	-0.45	-19.1476	-19.1476
0.150875	-0.5	-19.4474	-19.4474
0.151	-0.55	-19.7307	-19.7307
0.151125	-0.6	-19.9972	-19.9972
0.15125	-0.65	-20.2469	-20.2469
0.151375	-0.7	-20.4794	-20.4794
0.1515	-0.75	-20.6948	-20.6948
0.151625	-0.8	-20.893	-20.893
0.15175	-0.85	-21.0741	-21.0741
0.151875	-0.9	-21.238	-21.238
0.152	-0.95	-21.3851	-21.3851
0.152125	-1	-21.5153	-21.5153
0.15225	-1.05	-21.6291	-21.6291
0.152375	-1.1	-21.7266	-21.7266
0.1525	-1.15	-21.8082	-21.8082
0.152625	-1.2	-21.8743	-21.8743
0.15275	-1.25	-21.9252	-21.9252
0.152875	-1.3	-21.9615	-21.9615
0.153	-1.35	-21.9835	-21.9835
0.153125	-1.4	-21.9917	-21.9917
0.15325	-1.45	-21.9867	-21.9867
0.153375	-1.5	-21.969	-21.969
0.1535	-1.55	-21.9392	-21.9392
0.153625	-1.6	-21.8976	-21.8976
0.15375	-1.65	-21.845	-21.845
0.153875	-1.7	-21.7819	-21.7819
0.154	-1.75	-21.7089	-21.7089
0.154125	-1.8	-21.6264	-21.6264
0.15425	-1.85	-21.5351	-21.5351
0.154375	-1.9	-21.4355	-21.4355
0.1545	-1.95	-21.3282	-21.3282
0.154625	-2	-21.2137	-21.2137
0.15475	-2.05	-21.0925	-21.0925
0.154875	-2.1	-20.9651	-20.9651
0.155	-2.15	-20.832	-20.832
0.155125	-2.2	-20.6936	-20.6936
0.15525	-2.25	-20.5506	-20.5506
0.155375	-2.3	-20.4032	-20.4032
0.1555	-2.35	-20.2519	-20.2519
0.155625	-2.4	-20.0971	-20.0971
0.15575	-2.45	-19.9393	-19.9393
0.155875	-2.5	-19.7787	-19.7787
0.156	-2.55	-19.6157	-19.6157
0.156125	-2.6	-19.4507	-19.4507
0.15625	-2.65	-19.284	-19.284
0.156375	-2.7	-19.1159	-19.1159
0.1565	-2.75	-18.9466	-18.9466
0.156625	-2.8	-18.7765	-18.7765
0.15675	-2.85	-18.6057	-18.6057
0.156875	-2.9	-18.4345	-18.4345
0.157	-2.95	-18.2631	-18.2631
0.157125	-3	-18.0917	-18.0917
0.15725	-3.05	-17.9205	-17.9205
0.157375	-3.1	-17.7497	-17.7497
0.1575	-3.15	-17.5794	-17.5794
0.157625	-3.2	-17.4098	-17.4098
0.15775	-3.25	-17.2409	-17.2409
0.157875	-3.3	-17.0731	-17.0731
0.158	-3.35	-16.9062	-16.9062
0.158125	-3.4	-16.7405	-16.7405
0.15825	-3.45	-16.576	-16.576
0.158375	-3.5	-16.4128	-16.4128
0.1585	-3.55	-16.251	-16.251
0.158625	-3.6	-16.0907	-16.0907
0.15875	-3.65	-15.9319	-15.9319
0.158875	-3.7	-15.7746	-15.7746
0.159	-3.75	-15.619	-15.619
0.159125	-3.8	-15.465	-15.465
0.15925	-3.85	-15.3127	-15.3127
0.159375	-3.9	-15.1621	-15.1621
0.1595	-3.95	-15.0132	-15.0132
0.159625	-4	-14.8661	-14.8661
0.15975	-4.05	-14.7207	-14.7207
0.159875	-4.1	-14.5772	-14.5772
0.16	-4.15	-14.4354	-14.4354
0.160125	-4.2	-14.2954	-14.2954
0.16025	-4.25	-14.1573	-14.1573
0.160375	-4.3	-14.0209	-14.0209
0.1605	-4.35	-13.8863	-13.8863
0.160625	-4.4	-13.7535	-13.7535
0.16075	-4.45	-13.6225	-13.6225
0.160875	-4.5	-13.4933	-13.4933
0.161	-4.55	-13.3658	-13.3658
0.161125	-4.6	-13.2401	-13.2401
0.16125	-4.65	-13.1161	-13.1161
0.161375	-4.7	-12.9938	-12.9938
0.1615	-4.75	-12.8732	-12.8732
0.161625	-4.8	-12.7544	-12.7544
0.16175	-4.85	-12.6372	-12.6372
0.161875	-4.9	-12.5216	-12.5216
0.162	-4.95	-12.4077	-12.4077
0.162125	-5	-12.2954	-12.2954
0.16225	-5.05	-12.1847	-12.1847
0.162375	-5.1	-12.0756	-12.0756
0.1625	-5.15	-11.968	-11.968
0.162625	-5.2	-11.8619	-11.8619
0.16275	-5.25	-11.7574	-11.7574
0.162875	-5.3	-11.6544	-11.6544
0.163	-5.35	-11.5528	-11.5528
0.163125	-5.4	-11.4527	-11.4527
0.16325	-5.45	-11.354	-11.354
0.163375	-5.5	-11.2568	-11.2568
0.1635	-5.55	-11.1609	-11.1609
0.163625	-5.6	-11.0664	-11.0664
0.16375	-5.65	-10.9732	-10.9732
0.163875	-5.7	-10.8813	-10.8813
0.164	-5.75	-10.7908	-10.7908
0.164125	-5.8	-10.7015	-10.7015
0.16425	-5.85	-10.6135	-10.6135
0.164375	-5.9	-10.5268	-10.5268
0.1645	-5.95	-10.4413	-10.4413
0.164625	-6	-10.357	-10.357
0.16475	-6.05	-10.2738	-10.2738
0.164875	-6.1	-10.1919	-10.1919
0.165	-6.15	-10.111	-10.111
0.165125	-6.2	-10.0313	-10.0313
0.16525	-6.25	-9.95276	-9.95276
0.165375	-6.3	-9.87527	-9.87527
0.1655	-6.35	-9.79885	-9.79885
0.165625	-6.4	-9.72349	-9.72349
0.16575	-6.45	-9.64918	-9.64918
0.165875	-6.5	-9.57588	-9.57588
0.166	-6.55	-9.50359	-9.50359
0.166125	-6.6	-9.43229	-9.43229
0.16625	-6.65	-9.36196	-9.36196
0.166375	-6.7	-9.29258	-9.29258
0.1665	-6.75	-9.22415	-9.22415
0.166625	-6.8	-9.15665	-9.15665
0.16675	-6.85	-9.09005	-9.09005
0.166875	-6.9	-9.02435	-9.02435
0.167	-6.95	-8.95953	-8.95953
0.167125	-7	-8.89558	-8.89558
0.16725	-7.05	-8.83248	-8.83248
0.167375	-7.1	-8.77021	-8.77021
0.1675	-7.15	-8.70877	-8.70877
0.167625	-7.2	-8.64814	-8.64814
0.16775	-7.25	-8.58831	-8.58831
0.167875	-7.3	-8.52927	-8.52927
0.168	-7.35	-8.47099	-8.47099
0.168125	-7.4	-8.41347	-8.41347
0.16825	-7.45	-8.3567	-8.3567
0.168375	-7.5	-8.30067	-8.30067
0.1685	-7.55	-8.24535	-8.24535
0.168625	-7.6	-8.19075	-8.19075
0.16875	-7.65	-8.13685	-8.13685
0.168875	-7.7	-8.08363	-8.08363
0.169	-7.75	-8.0311	-8.0311
0.169125	-7.8	-7.97922	-7.97922
0.16925	-7.85	-7.92801	-7.92801
0.169375	-7.9	-7.87743	-7.87743
0.1695	-7.95	-7.8275	-7.8275
0.169625	-8	-7.77818	-7.77818
0.16975	-8.05	-7.72948	-7.72948
0.169875	-8.1	-7.68139	-7.68139
0.17	-8.15	-7.63389	-7.63389
0.170125	-8.2	-7.58698	-7.58698
0.17025	-8.25	-7.54064	-7.54064
0.170375	-8.3	-7.49487	-7.49487
0.1705	-8.35	-7.44966	-7.44966
0.170625	-8.4	-7.40499	-7.40499
0.17075	-8.45	-7.36087	-7.36087
0.170875	-8.5	-7.31728	-7.31728
0.171	-8.55	-7.27422	-7.27422
0.171125	-8.6	-7.23167	-7.23167
0.17125	-8.65	-7.18963	-7.18963
0.171375	-8.7	-7.14809	-7.14809
0.1715	-8.75	-7.10704	-7.10704
0.171625	-8.8	-7.06647	-7.06647
0.17175	-8.85	-7.02638	-7.02638
0.171875	-8.9	-6.98677	-6.98677
0.172	-8.95	-6.94761	-6.94761
0.172125	-9	-6.90891	-6.90891
0.17225	-9.05	-6.87066	-6.87066
0.172375	-9.1	-6.83285	-6.83285
0.1725	-9.15	-6.79548	-6.79548
0.172625	-9.2	-6.75853	-6.75853
0.17275	-9.25	-6.722	-6.722
0.172875	-9.3	-6.6859	-6.6859
0.173	-9.35	-6.6502	-6.6502
0.173125	-9.4	-6.6149	-6.6149
0.17325	-9.45	-6.58	-6.58
0.173375	-9.5	-6.54549	-6.54549
0.1735	-9.55	-6.51137	-6.51137
0.173625	-9.6	-6.47762	-6.47762
0.17375	-9.65	-6.44425	-6.44425
0.173875	-9.7	-6.41125	-6.41125
0.174	-9.75	-6.37861	-6.37861
0.174125	-9.8	-6.34633	-6.34633
0.17425	-9.85	-6.3144	-6.3144
0.174375	-9.9	-6.28282	-6.28282
0.1745	-9.95	-6.25158	-6.25158
0.174625	-10	-6.22068	-6.22068
0.17475	-10.05	-6.19011	-6.19011
0.174875	-10.1	-6.15986	-6.15986
0.175	-10.15	-6.12994	-6.12994
0.175125	-10.2	-6.10034	-6.10034
0.17525	-10.25	-6.07105	-6.07105
0.175375	-10.3	-6.04207	-6.04207
0.1755	-10.35	-6.01339	-6.01339
0.175625	-10.4	-5.98501	-5.98501
0.17575	-10.45	-5.95693	-5.95693
0.175875	-10.5	-5.92914	-5.92914
0.176	-10.55	-5.90164	-5.90164
0.176125	-10.6	-5.87442	-5.87442
0.17625	-10.65	-5.84748	-5.84748
0.176375	-10.7	-5.82081	-5.82081
0.1765	-10.75	-5.79441	-5.79441
0.176625	-10.8	-5.76829	-5.76829
0.17675	-10.85	-5.74242	-5.74242
0.176875	-10.9	-5.71682	-5.71682
0.177	-10.95	-5.69147	-5.69147
0.177125	-11	-5.66638	-5.66638
0.17725	-11.05	-5.64153	-5.64153
0.177375	-11.1	-5.61693	-5.61693
0.1775	-11.15	-5.59258	-5.59258
0.177625	-11.2	-5.56846	-5.56846
0.17775	-11.25	-5.54458	-5.54458
0.177875	-11.3	-5.52093	-5.52093
0.178	-11.35	-5.49751	-5.49751
0.178125	-11.4	-5.47431	-5.47431
0.17825	-11.45	-5.45134	-5.45134
0.178375	-11.5	-5.42859	-5.42859
0.1785	-11.55	-5.40606	-5.40606
0.178625	-11.6	-5.38374	-5.38374
0.17875	-11.65	-5.36163	-5.36163
0.178875	-11.7	-5.33973	-5.33973
0.179	-11.75	-5.31803	-5.31803
0.179125	-11.8	-5.29654	-5.29654
0.17925	-11.85	-5.27525	-5.27525
0.179375	-11.9	-5.25416	-5.25416
0.1795	-11.95	-5.23326	-5.23326
0.179625	-12	-5.21255	-5.21255
0.17975	-12.05	-5.19203	-5.19203
0.179875	-12.1	-5.1717	-5.1717
0.18	-12.15	-5.15155	-5.15155
0.180125	-12.2	-5.13159	-5.13159
0.18025	-12.25	-5.11181	-5.11181
0.180375	-12.3	-5.0922	-5.0922
0.1805	-12.35	-5.07277	-5.07277
0.180625	-12.4	-5.05351	-5.05351
0.18075	-12.45	-5.03442	-5.03442
0.180875	-12.5	-5.01551	-5.01551
0.181	-12.55	-4.99675	-4.99675
0.181125	-12.6	-4.97816	-4.97816
0.18125	-12.65	-4.95974	-4.95974
0.181375	-12.7	-4.94147	-4.94147
0.1815	-12.75	-4.92336	-4.92336
0.181625	-12.8	-4.90541	-4.90541
0.18175	-12.85	-4.88761	-4.88761
0.181875	-12.9	-4.86996	-4.86996
0.182	-12.95	-4.85246	-4.85246
0.182125	-13	-4.83511	-4.83511
0.18225	-13.05	-4.81791	-4.81791
0.182375	-13.1	-4.80085	-4.80085
0.1825	-13.15	-4.78393	-4.78393
0.182625	-13.2	-4.76716	-4.76716
0.18275	-13.25	-4.75052	-4.75052
0.182875	-13.3	-4.73402	-4.73402
0.183	-13.35	-4.71766	-4.71766
0.183125	-13.4	-4.70143	-4.70143
0.18325	-13.45	-4.68533	-4.68533
0.183375	-13.5	-4.66936	-4.66936
0.1835	-13.55	-4.65352	-4.65352
0.183625	-13.6	-4.63781	-4.63781
0.18375	-13.65	-4.62222	-4.62222
0.183875	-13.7	-4.60676	-4.60676
0.184	-13.75	-4.59142	-4.59142
0.184125	-13.8	-4.57621	-4.57621
0.18425	-13.85	-4.56111	-4.56111
0.184375	-13.9	-4.54613	-4.54613
0.1845	-13.95	-4.53127	-4.53127
0.184625	-14	-4.51652	-4.51652
0.18475	-14.05	-4.50189	-4.50189
0.184875	-14.1	-4.48737	-4.48737
0.185	-14.15	-4.47296	-4.47296
0.185125	-14.2	-4.45866	-4.45866
0.18525	-14.25	-4.44447	-4.44447
0.185375	-14.3	-4.43038	-4.43038
0.1855	-14.35	-4.41641	-4.41641
0.185625	-14.4	-4.40254	-4.40254
0.18575	-14.45	-4.38877	-4.38877
0.185875	-14.5	-4.3751	-4.3751
0.186	-14.55	-4.36154	-4.36154
0.186125	-14.6	-4.34807	-4.34807
0.18625	-14.65	-4.33471	-4.33471
0.186375	-14.7	-4.32144	-4.32144
0.1865	-14.75	-4.30827	-4.30827
0.186625	-14.8	-4.29519	-4.29519
0.18675	-14.85	-4.28221	-4.28221
0.186875	-14.9	-4.26932	-4.26932
0.187	-14.95	-4.25652	-4.25652
0.187125	-15	-4.24382	-4.24382
0.18725	-15.05	-4.2312	-4.2312
0.187375	-15.1	-4.21868	-4.21868
0.1875	-15.15	-4.20624	-4.20624
0.187625	-15.2	-4.19389	-4.19389
0.18775	-15.25	-4.18162	-4.18162
0.187875	-15.3	-4.16944	-4.16944
0.188	-15.35	-4.15734	-4.15734
0.188125	-15.4	-4.14533	-4.14533
0.18825	-15.45	-4.1334	-4.1334
0.188375	-15.5	-4.12155	-4.12155
0.1885	-15.55	-4.10978	-4.10978
0.188625	-15.6	-4.09809	-4.09809
0.18875	-15.65	-4.08648	-4.08648
0.188875	-15.7	-4.07495	-4.07495
0.189	-15.75	-4.06349	-4.06349
0.189125	-15.8	-4.05211	-4.05211
0.18925	-15.85	-4.04081	-4.04081
0.189375	-15.9	-4.02958	-4.02958
0.1895	-15.95	-4.01842	-4.01842
0.189625	-16	-4.00733	-4.00733
0.18975	-16.05	-3.99632	-3.99632
0.189875	-16.1	-3.98538	-3.98538
0.19	-16.15	-3.97451	-3.97451
0.190125	-16.2	-3.96371	-3.96371
0.19025	-16.25	-3.95298	-3.95298
0.190375	-16.3	-3.94231	-3.94231
0.1905	-16.35	-3.93171	-3.93171
0.190625	-16.4	-3.92118	-3.92118
0.19075	-16.45	-3.91072	-3.91072
0.190875	-16.5	-3.90032	-3.90032
0.191	-16.55	-3.88999	-3.88999
0.191125	-16.6	-3.87972	-3.87972
0.19125	-16.65	-3.86951	-3.86951
0.191375	-16.7	-3.85936	-3.85936
0.1915	-16.75	-3.84928	-3.84928
0.191625	-16.8	-3.83926	-3.83926
0.19175	-16.85	-3.8293	-3.8293
0.191875	-16.9	-3.8194	-3.8194
0.192	-16.95	-3.80956	-3.80956
0.192125	-17	-3.79977	-3.79977
0.19225	-17.05	-3.79005	-3.79005
0.192375	-17.1	-3.78038	-3.78038
0.1925	-17.15	-3.77077	-3.77077
0.192625	-17.2	-3.76122	-3.76122
0.19275	-17.25	-3.75172	-3.75172
0.192875	-17.3	-3.74228	-3.74228
0.193	-17.35	-3.73289	-3.73289
0.193125	-17.4	-3.72355	-3.72355
0.19325	-17.45	-3.71427	-3.71427
0.193375	-17.5	-3.70504	-3.70504
0.1935	-17.55	-3.69587	-3.69587
0.193625	-17.6	-3.68675	-3.68675
0.19375	-17.65	-3.67767	-3.67767
0.193875	-17.7	-3.66865	-3.66865
0.194	-17.75	-3.65968	-3.65968
0.194125	-17.8	-3.65076	-3.65076
0.19425	-17.85	-3.64189	-3.64189
0.194375	-17.9	-3.63307	-3.63307
0.1945	-17.95	-3.6243	-3.6243
0.194625	-18	-3.61557	-3.61557
0.19475	-18.05	-3.60689	-3.60689
0.194875	-18.1	-3.59826	-3.59826
0.195	-18.15	-3.58967	-3.58967
0.195125	-18.2	-3.58114	-3.58114
0.19525	-18.25	-3.57264	-3.57264
0.195375	-18.3	-3.5642	-3.5642
0.1955	-18.35	-3.55579	-3.55579
0.195625	-18.4	-3.54743	-3.54743
0.19575	-18.45	-3.53912	-3.53912
0.195875	-18.5	-3.53085	-3.53085
0.196	-18.55	-3.52262	-3.52262
0.196125	-18.6	-3.51444	-3.51444
0.19625	-18.65	-3.50629	-3.50629
0.196375	-18.7	-3.49819	-3.49819
0.1965	-18.75	-3.49013	-3.49013
0.196625	-18.8	-3.48211	-3.48211
0.19675	-18.85	-3.47414	-3.47414
0.196875	-18.9	-3.4662	-3.4662
0.197	-18.95	-3.4583	-3.4583
0.197125	-19	-3.45044	-3.45044
0.19725	-19.05	-3.44263	-3.44263
0.197375	-19.1	-3.43485	-3.43485
0.1975	-19.15	-3.4271	-3.4271
0.197625	-19.2	-3.4194	-3.4194
0.19775	-19.25	-3.41174	-3.41174
0.197875	-19.3	-3.40411	-3.40411
0.198	-19.35	-3.39652	-3.39652
0.198125	-19.4	-3.38897	-3.38897
0.19825	-19.45	-3.38145	-3.38145
0.198375	-19.5	-3.37397	-3.37397
0.1985	-19.55	-3.36652	-3.36652
0.198625	-19.6	-3.35911	-3.35911
0.19875	-19.65	-3.35174	-3.35174
0.198875	-19.7	-3.3444	-3.3444
0.199	-19.75	-3.33709	-3.33709
0.199125	-19.8	-3.32982	-3.32982
0.19925	-19.85	-3.32258	-3.32258
0.199375	-19.9	-3.31538	-3.31538
0.1995	-19.95	-3.30821	-3.30821
0.199625	-19.9	-3.30106	-3.30106
0.19975	-19.85	-3.29396	-3.29396
